result1 = 2.6734264806727734e-12
result2 = 2.6734264806727734e-12
result3 = 4.8316280754079344e-8
