result1 = 2.6710892656722155e-12
result2 = 2.6710892656722155e-12
result3 = 4.8319918732886435e-8
